board|action|expected
113412111|310|0.32
113412111|300|0.18
113412111|222|0.37
131211114|311|0.00
131211114|300|0.31
131211114|200|0.24
131211114|202|0.27
131211114|312|0.21
131211114|320|1.00
114211113|200|1.00
114211113|321|0.00
114211113|202|0.34
114211113|212|0.29
114211113|312|0.20
114211113|302|0.30
112111314|210|1.00
112111314|312|0.00
112111314|300|0.28
112111314|301|0.30
141113121|311|0.06
141113121|202|0.12
141113121|320|0.15
141113121|301|0.29
141113121|322|0.46
141113121|222|0.17
121113141|311|0.07
121113141|220|0.18
121113141|200|0.15
121113141|301|0.32
121113141|322|0.18
121113141|320|0.46
111231114|210|0.00
111231114|200|0.00
111231114|321|0.00
111231114|202|0.00
111231114|312|0.22
111231114|310|0.21
213111114|201|1.00
213111114|310|0.25
213111114|321|0.15
213111114|210|0.31
214111113|201|1.00
214111113|321|0.00
214111113|312|0.27
214111113|302|0.34
413111121|321|0.16
413111121|202|1.00
413111121|322|0.26
413111121|221|0.31
413111121|310|0.00
413111121|222|0.35
121111413|220|0.35
121111413|200|1.00
121111413|321|0.22
121111413|312|0.00
121111413|221|0.30
121111413|320|0.31
412111311|221|1.00
412111311|301|0.00
412111311|322|0.29
412111311|312|0.27
141111123|321|0.32
141111123|320|0.17
141111123|202|0.37
121113411|311|0.00
121113411|220|0.22
121113411|200|0.27
121113411|301|0.21
121113411|322|1.00
121113411|320|0.32
131111214|201|0.21
131111214|311|0.00
131111214|300|0.33
131111214|312|0.24
131111214|320|1.00
311111214|201|0.30
311111214|310|0.27
311111214|301|0.00
311111214|320|1.00
114311112|311|0.00
114311112|300|1.00
114311112|321|0.27
114311112|212|0.24
114311112|302|0.27
314111112|310|0.00
314111112|301|0.19
314111112|212|1.00
314111112|302|0.41
411111132|221|0.21
411111132|311|0.00
411111132|310|0.14
411111132|302|0.35
111114231|201|0.32
111114231|311|0.08
111114231|310|0.15
111114231|322|0.26
132111114|311|0.00
132111114|300|0.36
132111114|312|0.00
312111411|221|1.00
312111411|310|0.19
312111411|301|0.21
312111411|210|0.30
412111131|311|0.00
412111131|322|0.29
412111131|302|1.00
412111131|221|0.22
412111131|310|0.22
131111412|311|0.00
131111412|300|1.00
131111412|312|0.25
131111412|221|0.22
131111412|320|0.24
112311141|311|0.09
112311141|210|0.32
112311141|300|0.37
112311141|321|0.20
112311141|302|0.28
413111211|321|0.27
413111211|310|0.00
413111211|322|0.44
413111211|212|1.00
111214131|311|0.07
111214131|200|0.15
111214131|202|0.18
111214131|322|0.19
111214131|302|0.46
111214131|310|0.31
311112411|220|0.34
311112411|210|0.33
311112411|320|0.30
311112411|301|0.00
311112411|310|0.21
311112411|222|1.00
111411132|221|0.32
111411132|311|0.07
111411132|310|0.07
111411132|302|0.24
321111141|220|0.37
321111141|302|0.18
321111141|301|0.32
121131114|201|0.00
121131114|220|0.00
121131114|200|0.00
121131114|321|0.20
121131114|301|0.20
121131114|312|0.00
311214111|310|0.32
311214111|320|0.19
311214111|202|0.37
141113211|311|0.09
141113211|301|0.17
141113211|322|0.34
141113211|212|0.35
141113211|320|0.32
112411131|311|0.06
112411131|322|0.35
112411131|302|0.34
112411131|221|0.30
112411131|310|0.22
112111413|321|0.17
112111413|221|0.31
112111413|210|1.00
112111413|312|0.17
123111141|321|0.32
123111141|322|0.18
123111141|200|0.37
114111312|301|0.27
114111312|212|0.29
114111312|300|1.00
114111312|312|0.00
141111321|301|0.31
141111321|300|0.17
141111321|222|0.35
411132111|220|0.00
411132111|301|0.00
411132111|212|0.00
411132111|312|0.19
411132111|310|0.28
411132111|222|0.00
211114311|201|0.46
211114311|301|0.20
211114311|322|0.33
211114311|312|0.15
312111114|310|0.00
312111114|301|0.29
312111114|210|0.31
312111114|302|1.00
113111214|321|0.00
113111214|310|0.28
113111214|300|0.34
113111214|201|1.00
141311112|311|0.05
141311112|300|0.31
141311112|321|0.17
141311112|212|0.27
141311112|302|0.36
211114131|201|0.32
211114131|311|0.08
211114131|322|0.30
211114131|302|0.37
211114131|310|0.19
123111411|221|0.31
123111411|321|0.22
123111411|322|1.00
123111411|200|0.34
114111213|201|1.00
114111213|321|0.12
114111213|212|0.30
114111213|312|0.25
141311211|321|0.14
141311211|311|0.07
141311211|212|0.30
141311211|300|0.22
114311211|321|0.15
114311211|311|0.00
114311211|212|0.23
114311211|300|0.32
114131211|201|0.00
114131211|321|0.14
114131211|301|0.24
114131211|212|0.00
114131211|312|0.25
114131211|310|0.14
111412131|311|0.08
111412131|220|0.15
111412131|322|0.45
111412131|302|0.19
111412131|310|0.29
111412131|222|0.18
131114211|201|0.33
131114211|311|0.09
131114211|300|0.33
131114211|312|0.18
131114211|320|0.28
411113121|311|0.00
411113121|202|0.30
411113121|320|1.00
411113121|301|0.22
411113121|322|0.33
411113121|222|0.24
114111231|201|0.20
114111231|311|0.00
114111231|310|0.14
114111231|322|0.33
411112311|220|1.00
411112311|301|0.00
411112311|212|0.32
411112311|322|0.22
411112311|312|0.18
411112311|222|0.29
211113411|311|0.00
211113411|210|0.21
211113411|301|0.25
211113411|322|1.00
211113411|320|0.33
112131411|210|0.00
112131411|321|0.28
112131411|301|0.16
112131411|312|0.15
112131411|221|0.00
112131411|310|0.26
211131411|210|0.00
211131411|321|0.30
211131411|301|0.25
211131411|312|0.00
211131411|310|0.00
411131112|321|0.23
411131112|301|0.17
411131112|212|0.00
411131112|312|0.17
411131112|221|0.00
411131112|310|0.17
211311114|321|0.14
211311114|311|0.00
211311114|210|0.21
211311114|302|0.36
214131111|201|0.00
214131111|321|0.00
214131111|301|0.00
214131111|312|0.28
214131111|310|0.23
411111123|221|0.31
411111123|321|0.21
411111123|320|1.00
411111123|202|0.36
111131412|321|0.00
111131412|301|0.00
111131412|312|0.20
111131412|221|0.00
111131412|310|0.24
312111141|310|0.20
312111141|210|0.43
312111141|301|0.15
312111141|302|0.33
411112131|311|0.00
411112131|220|0.24
411112131|322|0.29
411112131|302|1.00
411112131|310|0.20
411112131|222|0.22
411111312|221|1.00
411111312|301|0.00
411111312|212|0.47
411111312|312|0.33
113411112|221|0.41
113411112|310|0.11
113411112|321|0.14
113411112|300|0.38
141311121|311|0.06
141311121|300|0.20
141311121|321|0.32
141311121|202|0.21
141311121|302|0.44
141311121|222|0.17
412111113|321|0.00
412111113|221|0.29
412111113|302|1.00
412111113|312|0.30
131112411|311|0.00
131112411|220|0.25
131112411|300|1.00
131112411|222|0.28
131112411|312|0.21
131112411|320|0.31
132111411|221|0.17
132111411|311|0.00
132111411|300|0.34
132111411|312|0.16
214111311|201|0.31
214111311|301|0.00
214111311|322|1.00
214111311|312|0.28
411111213|321|0.30
411111213|212|0.31
411111213|320|1.00
411111213|312|0.00
131412111|311|0.05
131412111|220|0.14
131412111|300|0.20
131412111|222|0.15
131412111|312|0.25
131412111|320|0.51
121311141|311|0.08
121311141|220|0.15
121311141|300|0.45
121311141|200|0.19
121311141|321|0.32
121311141|302|0.18
141111213|321|0.15
141111213|212|0.47
141111213|320|0.33
141111213|312|0.17
111412113|220|0.36
111412113|302|0.18
111412113|312|0.31
114311121|311|0.00
114311121|300|1.00
114311121|321|0.18
114311121|202|0.22
114311121|302|0.31
114311121|222|0.24
141111312|301|0.18
141111312|212|0.46
141111312|300|0.26
141111312|312|0.21
112113411|311|0.00
112113411|210|0.21
112113411|322|0.34
112113411|301|0.13
231114111|201|0.32
231114111|311|0.08
231114111|320|0.26
231114111|312|0.16
114131121|201|0.00
114131121|321|0.22
114131121|202|0.00
114131121|301|0.14
114131121|310|0.00
114131121|222|0.00
114131112|321|0.33
114131112|301|0.08
114131112|212|0.00
114131112|312|0.00
114131112|310|0.00
131411112|311|0.08
131411112|300|0.33
131411112|312|0.20
131411112|221|0.32
131411112|320|0.40
411131121|321|0.16
411131121|202|0.00
411131121|301|0.17
411131121|221|0.00
411131121|310|0.00
411131121|222|0.00
311111412|221|1.00
311111412|310|0.27
311111412|301|0.00
311111412|320|0.33
112131114|210|0.00
112131114|321|0.30
112131114|301|0.26
112131114|312|0.00
112131114|310|0.00
111132411|220|0.00
111132411|210|0.00
111132411|301|0.00
111132411|312|0.20
111132411|310|0.22
111132411|222|0.00
211111413|321|0.28
211111413|210|1.00
211111413|320|0.34
211111413|312|0.00
214311111|321|0.00
214311111|311|0.00
214311111|302|0.32
412113111|311|0.00
412113111|301|0.00
412113111|322|0.41
411113211|311|0.00
411113211|301|0.23
411113211|322|0.32
411113211|212|0.18
411113211|320|1.00
121311114|311|0.00
121311114|220|0.27
121311114|300|0.31
121311114|200|0.25
121311114|321|0.22
121311114|302|1.00
121111314|201|0.31
121111314|220|1.00
121111314|300|0.31
121111314|200|0.35
121111314|301|0.22
121111314|312|0.00
114231111|200|0.00
114231111|321|0.00
114231111|202|0.00
114231111|212|0.00
114231111|312|0.21
114231111|310|0.22
112113141|311|0.07
112113141|210|0.30
112113141|322|0.26
112113141|301|0.15
213111411|321|0.27
213111411|310|0.00
213111411|210|0.30
213111411|322|1.00
213111141|321|0.15
213111141|310|0.18
213111141|210|0.47
213111141|322|0.30
411112113|312|0.21
411112113|220|0.32
411112113|212|0.31
411112113|302|1.00
112411113|321|0.18
112411113|221|0.46
112411113|302|0.34
112411113|312|0.14
214111131|201|0.21
214111131|311|0.00
214111131|322|1.00
214111131|302|0.33
214111131|310|0.24
113211114|210|0.31
113211114|300|0.31
113211114|200|0.34
113211114|321|0.00
113211114|202|1.00
113211114|310|0.21
411131211|321|0.38
411131211|301|0.19
411131211|212|0.00
411131211|312|0.00
411131211|310|0.00
211111314|201|0.33
211111314|301|0.28
211111314|210|1.00
211111314|312|0.15
132411111|221|0.33
132411111|311|0.08
132411111|300|0.24
132411111|312|0.16
121131411|220|0.00
121131411|200|0.00
121131411|321|0.22
121131411|301|0.21
121131411|312|0.00
121131411|221|0.00
411113112|311|0.00
411113112|301|0.14
411113112|212|0.20
411113112|320|0.30
114211131|311|0.00
114211131|200|0.28
114211131|202|0.24
114211131|322|1.00
114211131|302|0.31
114211131|310|0.21
231111411|311|0.00
231111411|320|0.34
231111411|312|0.00
412131111|321|0.00
412131111|301|0.00
412131111|312|0.21
412131111|221|0.00
412131111|310|0.21
111131214|201|0.00
111131214|321|0.00
111131214|301|0.00
111131214|312|0.22
111131214|310|0.27
314111211|201|0.23
314111211|310|0.10
314111211|301|0.20
314111211|212|1.00
211311141|321|0.16
211311141|311|0.09
211311141|210|0.32
211311141|302|0.26
311211114|310|0.21
311211114|210|0.31
311211114|320|1.00
311211114|202|0.34
321111114|201|0.30
321111114|220|0.31
321111114|301|0.19
321111114|302|1.00
114111132|311|0.00
114111132|310|0.00
114111132|302|0.39
211113141|311|0.07
211113141|210|0.32
211113141|301|0.18
211113141|322|0.32
211113141|320|0.36
111311214|321|0.00
111311214|311|0.00
111311214|300|0.35
231111114|201|0.22
231111114|311|0.00
231111114|320|0.34
231111114|312|0.14
413111112|221|0.48
413111112|310|0.15
413111112|321|0.25
413111112|212|1.00
114111321|201|0.32
114111321|301|0.20
114111321|300|1.00
114111321|222|0.35
141113112|311|0.08
141113112|301|0.17
141113112|212|0.32
141113112|320|0.24
311114211|201|0.47
311114211|310|0.15
311114211|301|0.17
311114211|320|0.31
112311114|311|0.00
112311114|210|0.22
112311114|300|0.29
112311114|321|0.25
112311114|302|1.00
111214311|200|0.37
111214311|322|0.18
111214311|312|0.33
113112411|310|0.13
113112411|210|0.32
113112411|300|1.00
113112411|222|0.32
113111412|321|0.00
113111412|221|0.31
113111412|310|0.29
113111412|300|1.00
411111231|311|0.00
411111231|310|0.00
411111231|322|0.28
211131114|201|0.00
211131114|210|0.00
211131114|321|0.14
211131114|301|0.23
211131114|312|0.16
211131114|310|0.24
114211311|312|0.21
114211311|322|1.00
114211311|212|0.29
114211311|200|0.33
111113412|311|0.00
111113412|301|0.00
111113412|320|0.20
131214111|311|0.07
131214111|300|0.47
131214111|200|0.19
131214111|202|0.15
131214111|312|0.32
131214111|320|0.18
314111121|201|0.32
314111121|202|0.34
314111121|301|0.24
314111121|302|0.25
314111121|310|0.00
314111121|222|1.00
